11111101000000010000000100010011
00000010000100010010011000100011
00000010100000010010010000100011
00000011000000010000010000010011
00000000010100000000010100010011
11111100101001000010111000100011
00000000000100000000011110010011
11111110111101000010011000100011
11111101110001000010011110000011
11111110111101000010010000100011
00000000000000010000001101101111
11111110110001000010011100000011
11111110100001000010011110000011
00000010111101110000011110110011
11111110111101000010011000100011
11111110100001000010011110000011
11111111111101111000011110010011
11111110111101000010010000100011
11111110100001000010011100000011
00000000000100000000011110010011
11111110111101110101011101100011
11111110110001000010011110000011
00000000000001111000010100010011
00000010110000010010000010000011
00000010100000010010010000000011
00000011000000010000000100010011
00000000000000001000001101100111
